pre_model_path: None
checkpoints_dir: D:\developper\PyCharmProject\DANN\checkpoints\2024-06-03-22-23-47\2024-06-03-22-23-47
logs_dir: logs
config_dir: D:\developper\PyCharmProject\DANN\config\2024-06-03-22-23-47\2024-06-03-22-23-47
image_input_shape: (28, 28, 3)
image_size: 28
init_learning_rate: 0.001
momentum_rate: 0.9
batch_size: 256
epoch: 500
pixel_mean: [88.14176302 88.14176302 88.14176302]
pixel_std: [89.07369254 89.07369254 89.07369254]
