pre_model_path: None
checkpoints_dir: D:\developper\PyCharmProject\DANN\checkpoints\2024-06-03-18-16-20\2024-06-03-18-16-20
logs_dir: logs\2024-06-03-18-16-20
config_dir: D:\developper\PyCharmProject\DANN\config\2024-06-03-18-16-20\2024-06-03-18-16-20
image_input_shape: (28, 28, 3)
image_size: 28
init_learning_rate: 0.01
momentum_rate: 0.9
batch_size: 256
epoch: 500
pixel_mean: [88.3480817 88.3480817 88.3480817]
pixel_std: [89.18674953 89.18674953 89.18674953]
